202103090240
202103090521
202103090802
202103091043
202103091324
202103091605
202103091846
202103092127
202103100008
202103100249
202103100530
202103100811
202103101052
202103101333
202103101614
202103101855
202103102136
202103110017
202103110258
202103110539
202103110820
202103111101
202103111342
202103111623
202103111904
202103112145
202103120026
202103120307
202103120548
202103120829
202103121110
202103121351
202103121632
202103121913
202103122154
202103130035
202103130316
202103130557
202103130838
202103131119
202103131400
202103131641
202103131922
202103132203
202103140044
202103140325
202103140606
202103140847
202103141128
202103141409
202103141650
202103141931
202103142212
202103150053
202103150334
202103150615
202103150856
202103151137
202103151418
202103151659
202103151940
202103152221
202103160102
202103160343
202103160624
202103160905
202103161146
202103161427
202103161708
202103161949
202103162230
202103170111
202103170352
202103170633
202103170914
202103171155
202103171436
202103171717
202103171958
202103172239
202103180120
202103180401
202103180642
202103180923
202103181204
202103181445
202103181726
202103182007
202103182248
202103190129
202103190410
202103190651
202103190932
202103191213
202103191454
202103191735
202103192016
202103192257
202103200138
202103200419
202103200700
202103200941
202103201222
202103201503
202103201744
202103202025
202103202306
