202102090240
202102090521
202102090802
202102091044
202102091325
202102091606
202102091847
202102092129
202102100010
202102100251
202102100533
202102100814
202102101055
202102101336
202102101618
202102101859
202102102140
202102110022
202102110303
202102110544
202102110825
202102111107
202102111348
202102111629
202102111911
202102112152
202102120033
202102120314
202102120556
202102120837
202102121118
202102121359
202102121641
202102121922
202102122203
202102130045
202102130326
202102130607
202102130848
202102131130
202102131411
202102131652
202102131934
202102132215
202102140056
202102140337
202102140619
202102140900
202102141141
202102141423
202102141704
202102141945
202102142226
202102150108
202102150349
202102150630
202102150911
202102151153
202102151434
202102151715
202102151957
202102152238
202102160119
202102160400
202102160642
202102160923
202102161204
202102161446
202102161727
202102162008
202102162249
202102170131
202102170412
202102170653
202102170935
202102171216
202102171457
202102171738
202102172020
202102172301
202102180142
202102180423
202102180705
202102180946
202102181227
202102181509
202102181750
202102182031
202102182312
202102190154
202102190435
202102190716
202102190958
202102191239
202102191520
202102191801
202102192043
202102192324
202102200205
202102200447
202102200728
202102201009
202102201250
202102201532
202102201813
202102202054
202102202335
202102210217
202102210458
202102210739
202102211021
202102211302
202102211543
202102211824
202102212106
202102212347
202102220228
202102220510
202102220751
202102221032
202102221313
202102221555
202102221836
202102222117
202102222359
202102230240
202102230521
202102230802
202102231044
202102231325
202102231606
202102231847
202102232129
202102240010
202102240251
202102240533
202102240814
202102241055
202102241336
202102241618
202102241859
202102242140
202102250022
202102250303
202102250544
202102250825
202102251107
202102251348
202102251629
202102251911
202102252152
202102260033
202102260314
202102260556
202102260837
202102261118
202102261359
202102261641
202102261922
202102262203
202102270045
202102270326
202102270607
202102270848
202102271130
202102271411
202102271652
202102271934
202102272215
202102280056
202102280337
202102280619
202102280900
202102281141
202102281423
202102281704
202102281945
202102282226
202103010108
202103010349
202103010630
202103010911
202103011153
202103011434
202103011715
202103011957
202103012238
202103020119
202103020400
202103020642
202103020923
202103021204
202103021446
202103021727
202103022008
202103022249
202103030131
202103030412
202103030653
202103030935
202103031216
202103031457
202103031738
202103032020
202103032301
202103040142
202103040423
202103040705
202103040946
202103041227
202103041509
202103041750
202103042031
202103042312
202103050154
202103050435
202103050716
202103050958
202103051239
202103051520
202103051801
202103052043
202103052324
202103060205
202103060447
202103060728
202103061009
202103061250
202103061532
202103061813
202103062054
202103062335
202103070217
202103070458
202103070739
202103071021
202103071302
202103071543
202103071824
202103072106
202103072347
202103080228
202103080510
202103080751
202103081032
202103081313
202103081555
202103081836
202103082117
202103082359
